SignVision AI - Final Supported Vocabulary & Video Reference
==========================================================
Total Supported Words: 140
Format: Word : [VideoID1, VideoID2] (Only IDs present on disk)

0 : [(Custom/Static Data - No WLASL Video)]
1 : [(Custom/Static Data - No WLASL Video)]
2 : [(Custom/Static Data - No WLASL Video)]
3 : [(Custom/Static Data - No WLASL Video)]
4 : [(Custom/Static Data - No WLASL Video)]
5 : [(Custom/Static Data - No WLASL Video)]
6 : [(Custom/Static Data - No WLASL Video)]
7 : [(Custom/Static Data - No WLASL Video)]
8 : [(Custom/Static Data - No WLASL Video)]
9 : [(Custom/Static Data - No WLASL Video)]
a : [66039, 01610, 01612, 01615]
b : [66040, 06120, 06122, 06124]
c : [(Custom/Static Data - No WLASL Video)]
d : [66042, 15996, 15998, 16000]
e : [66043, 18533, 18535, 18537]
f : [66044, 21568, 21570, 21572]
g : [66045, 24523, 24525, 24527]
h : [27357, 66046, 27355, 27359]
i : [66047, 28789, 28791, 28794]
j : [66048, 31100, 31102, 31104]
k : [66049, 31583, 31585, 31587]
l : [(Custom/Static Data - No WLASL Video)]
m : [66051, 35897, 35899, 35901]
n : [66052, 38265, 38267, 38269]
o : [66053, 39553, 39555, 39557]
p : [66054, 42511, 42513, 42516]
q : [66055, 45597, 45599, 45601]
r : [66056, 47983, 47985, 47987]
s : [66057, 51426, 51428, 51430]
t : [66058, 58323, 58325, 58327]
u : [66059, 60358, 60360, 60362]
v : [66060, 61561, 61563, 61565]
w : [66061, 63274, 63276, 63278]
x : [(Custom/Static Data - No WLASL Video)]
y : [(Custom/Static Data - No WLASL Video)]
z : [(Custom/Static Data - No WLASL Video)]
accident : [00639, 00624, 00625, 00626, 00627, 00628, 00629, 00631, 00632, 65009, 00623, 00633, 00634]
apple : [69213, 03005, 03008, 65085, 65086, 65084, 02999, 03000, 03001, 03002, 03003]
appointment : [03062, 03063, 65087, 03055, 03056, 03057, 03058, 03059, 03060, 03061]
argue : [03268, 03270, 03272, 03273, 03274, 65092, 03277, 03278, 03282, 03267]
bad : [69219, 04709, 04712, 04713, 04715, 04717, 65125, 04708, 04718, 04723]
balance : [04801, 04802, 04803, 65129, 04795, 04806, 04796, 04797, 04798, 04799]
bar : [65137, 05103, 05086, 05087, 05088, 05089, 05090, 05095, 05097, 05098, 05102]
basketball : [69225, 05230, 05231, 05232, 05233, 05234, 05238, 65144, 65145, 05229, 05239, 05243]
because : [05598, 05599, 05600, 05601, 65158, 65159, 05605, 05606, 05609, 05596]
bed : [05644, 05629, 05630, 05631, 05632, 05633, 05634, 05636, 65162, 05637, 65163, 65161, 05638]
before : [05728, 05749, 05750, 05729, 05730, 65167, 05731, 05732, 05733, 05734, 05727, 05739, 05740, 05741, 05742, 05743]
bird : [69233, 06333, 06334, 06335, 06337, 65187, 06330, 06343, 06331, 06332]
black : [69236, 06472, 06473, 06474, 06476, 06477, 06478, 65200, 06471, 06486]
blanket : [06553, 06554, 06555, 06558, 06559, 65204, 65205, 06563, 06551, 06552]
bowling : [07389, 07390, 07391, 07392, 07393, 07394, 07397, 65242, 65241, 07388, 07398, 07399, 07400]
brother : [69251, 07937, 07938, 07940, 65262, 07932, 07943, 07933, 07934, 07935, 07936]
call : [65290, 08706, 08707, 65556, 08713, 08689, 08690, 08691, 08692, 08694, 08701, 08702]
candy : [08929, 08916, 08917, 08918, 08919, 08920, 08921, 65298, 08924, 65299, 65300, 08915, 08925]
champion : [09920, 09921, 09922, 65330, 09924, 09926, 09915, 09916, 09917, 09918, 09919]
change : [09966, 09967, 09950, 09970, 09953, 09954, 09955, 09956, 09957, 09949, 09960, 09963]
cheat : [10147, 10166, 10148, 10149, 65341, 10151, 65342, 10157, 10158, 10159]
check : [65343, 10184, 10185, 10186, 10187, 10188, 10190, 10192, 10183, 10197, 10199]
cold : [65377, 11638, 11622, 11623, 11624, 11625, 11627, 11628, 11621, 11633, 11634, 11635]
computer : [12328, 12312, 12311, 12338, 12313, 12314, 12315, 12316, 12317, 12318, 12319, 12320, 12326, 12327]
convince : [13135, 13136, 13137, 13138, 65400, 65401, 13143, 13144, 13148, 13134]
cool : [69281, 65403, 13213, 13197, 13216, 13217, 13198, 13199, 13200, 13201, 65402, 13202, 13203, 13196, 13208, 13209]
corn : [69282, 13337, 13325, 13326, 13327, 13328, 13329, 65408, 65409, 13323, 13333, 13334]
cousin : [65415, 13647, 13648, 13631, 13632, 13633, 13634, 13635, 13636, 13630, 13640, 13641, 13642, 13646]
cry : [14190, 14175, 14176, 14177, 14180, 14182, 14183, 65427, 14174, 14188]
dark : [69290, 14673, 14674, 14675, 14676, 14680, 65439, 65440, 14671, 14681, 14685, 14672]
daughter : [14755, 14756, 14757, 65443, 14760, 14749, 14750, 14751, 14752, 14753]
deaf : [14882, 14903, 14883, 14884, 14885, 14886, 65445, 14887, 14888, 14893, 14894]
delay : [15325, 15326, 15327, 15328, 15319, 15330, 15332, 15320, 15321, 15322, 15323]
delicious : [15363, 15364, 15365, 15366, 15369, 65457, 15370, 15374, 15361, 15362]
doctor : [17015, 17016, 17017, 17019, 17020, 65503, 65504, 17013, 17026, 17014]
dog : [69298, 17097, 17084, 17085, 17086, 17087, 17090, 17091, 65506, 65507, 17083]
drink : [69302, 65539, 17710, 17733, 65540, 17734, 17711, 17712, 17713, 17709, 17720, 17721, 17722, 17723, 17724]
environment : [19410, 19411, 19412, 19414, 65638, 65639, 19406, 19418, 19407, 19408, 19409]
example : [20067, 20068, 20070, 20071, 20072, 65652, 65653, 65654, 20074, 20077, 20066]
family : [69316, 20980, 20981, 20982, 20983, 20986, 20987, 65677, 20978, 20992, 20979]
far : [21073, 21074, 21075, 21077, 21078, 65682, 21069, 21081, 21070, 21071, 21072]
fat : [65692, 21252, 21233, 21234, 21236, 21231, 21237, 21241, 21242, 21243]
fish : [69325, 22130, 22114, 22115, 22116, 22117, 22120, 22121, 65731, 22113]
full : [65792, 23782, 23771, 23774, 23775, 23766, 23776, 23767, 23768, 23769]
give : [69343, 24660, 24638, 24639, 24640, 24641, 24636, 24648, 24649, 24651]
go : [69345, 24955, 24956, 24941, 24960, 24961, 24962, 65824, 24973, 24943, 24946, 24947, 24940, 24952, 24954]
good : [69347, 25072, 25073, 65835, 25066, 25076, 25067, 25068, 25069, 25070]
government : [25244, 25245, 25246, 25247, 65840, 25250, 25253, 25241, 25242, 25243]
graduate : [25339, 25322, 25323, 25324, 25325, 25326, 65843, 25329, 25330, 25321]
help : [69364, 27221, 27206, 27207, 27208, 27209, 65890, 27213, 27214, 65891, 65889, 27215, 27216, 27217]
hot : [69368, 28125, 28108, 28109, 28110, 28111, 28112, 28115, 28116, 28107]
interest : [65950, 30153, 30154, 30155, 30156, 30160, 30152, 30162, 30166, 30168]
language : [32156, 32157, 32158, 32160, 32163, 66008, 66007, 32154, 32167, 32155]
last : [66010, 32263, 32248, 32249, 32250, 32253, 32254, 32255, 32246, 32257, 32260, 32261]
later : [32337, 32338, 32320, 32321, 32322, 32323, 32324, 32325, 66015, 32326, 66014, 32333]
laugh : [32398, 32379, 32380, 32381, 66016, 32382, 32383, 32386, 32377, 32388, 32389]
leave : [32655, 32677, 66025, 32657, 32658, 32659, 32661, 32662, 32654, 32667, 32669]
letter : [66038, 32948, 32949, 32950, 32953, 32954, 32945, 32955, 32959, 32946, 32947]
like : [69389, 33266, 33285, 33267, 33286, 33268, 33269, 33270, 33273, 33274]
man : [69395, 34746, 34733, 34734, 34736, 34737, 34738, 66098, 66099, 66097, 34732, 34742]
many : [69396, 34823, 34824, 34825, 34826, 34827, 34830, 34831, 34832, 34839]
mother : [69402, 36946, 36930, 36931, 36932, 36933, 36936, 36937, 66147, 66146, 36929]
move : [66151, 37102, 37086, 37087, 37089, 37093, 37094, 37085, 37097, 37098]
no : [69411, 38525, 38544, 38527, 38529, 38530, 38532, 38533, 66183, 38524, 38534]
orange : [69422, 40115, 40116, 40117, 40118, 40119, 40121, 66246, 40129, 40130]
order : [66248, 40183, 40184, 40171, 40172, 40177, 40178, 66249, 40169, 40179]
perspective : [42246, 42247, 42248, 42251, 66281, 42252, 42253, 42256, 42243, 42245]
pizza : [69431, 42977, 42958, 42959, 42960, 42961, 66297, 42962, 42956, 42966, 42967, 42969]
play : [69433, 43166, 43170, 43171, 43173, 43174, 43179, 43180, 43167, 43168, 43169]
ready : [46305, 46288, 46289, 46291, 46292, 46293, 46296, 66374, 46299, 46300]
room : [48509, 48510, 48511, 48512, 48513, 48514, 48516, 66415, 66416, 48517, 48521]
sandwich : [49250, 49251, 49252, 66423, 66424, 49255, 49245, 49246, 49247, 49248]
score : [49693, 49694, 49695, 49697, 49699, 49700, 66434, 49691, 49702, 49706, 49692]
secretary : [50037, 50038, 50039, 50040, 50041, 50044, 50045, 66441, 50046, 50052]
shirt : [51057, 51081, 51056, 51058, 51059, 51060, 51061, 51063, 51064, 51066, 51067, 51068]
short : [51221, 51223, 51224, 51225, 51226, 51227, 66469, 51220, 51231, 51232, 51233, 51235, 51236]
silly : [51708, 51709, 51710, 66481, 51712, 51713, 51703, 51704, 51705, 51706]
snow : [69481, 52862, 52863, 66519, 66518, 52857, 52867, 52858, 52859, 52860]
son : [53273, 53274, 53275, 66531, 66532, 53268, 53279, 53269, 53270, 53271]
soon : [53295, 53296, 53300, 53301, 66533, 66534, 53292, 53304, 53305, 53293, 53294]
speech : [53700, 53701, 53696, 53706, 53707, 53709, 53710, 53697, 53698, 53699]
study : [55364, 55365, 55366, 55368, 55369, 66575, 55361, 55375, 55362, 55363]
sweet : [69499, 56312, 56313, 56314, 66585, 56306, 56317, 56307, 56308, 56309]
take : [69500, 56698, 56699, 56700, 56701, 56692, 56702, 56704, 56705, 56693, 56694]
tall : [56852, 56838, 56839, 56840, 56841, 56842, 56843, 56844, 66591, 56846, 66592, 56837, 56848]
tell : [57278, 57282, 57283, 57284, 57285, 57276, 57286, 57287, 57291, 57277]
thanksgiving : [57628, 57647, 57629, 57630, 57631, 57632, 57633, 57634, 57635, 57638, 57639, 57640, 57641]
theory : [57785, 57788, 57789, 66603, 66604, 57791, 57794, 57782, 57783, 57784]
thin : [57948, 57949, 57934, 57953, 57935, 57936, 57937, 66606, 57939, 57940, 57941, 57942, 66607, 57933, 57943, 57947]
thursday : [58362, 58363, 58365, 58366, 66637, 66638, 66639, 66640, 58370, 58360, 58361]
toast : [66652, 58654, 58655, 58657, 58658, 58649, 58661, 58651, 58652, 58653]
trade : [59206, 59207, 59208, 59209, 59210, 59211, 59212, 59214, 59215, 59216, 59219, 59204, 59205]
wait : [62113, 62098, 62100, 62101, 62102, 62103, 62106, 66740, 62097, 62107]
walk : [62175, 62159, 62160, 62163, 62164, 66743, 66742, 62158, 62168, 62169, 62170]
what : [69531, 62967, 62968, 62970, 66769, 62987, 62964, 62988, 62975, 62965, 62979, 62966]
white : [69533, 63204, 63205, 63207, 63208, 63200, 63214, 63201, 63202, 63203]
who : [69534, 63242, 63226, 63227, 63228, 63229, 63230, 63231, 66778, 63232, 66779, 63225, 63236, 63237]
why : [63283, 63284, 63285, 63287, 63288, 66781, 63289, 63292, 63280, 63281, 63282]
woman : [63679, 63665, 63666, 63667, 63668, 63669, 63672, 63673, 66798, 66799, 63664]
work : [63806, 63789, 63790, 63791, 63792, 63793, 63795, 66804, 63788, 63799]
write : [69544, 64060, 64061, 64065, 66815, 64056, 64068, 64057, 64058, 64059]
year : [64211, 64224, 64210, 64212, 66818, 64213, 66816, 64209, 64219, 64218]
yes : [69546, 64287, 64284, 64291, 64292, 64293, 66820, 64280, 64300, 64281, 64288, 64283]
yesterday : [64307, 64308, 64309, 64311, 66821, 66822, 64315, 64304, 64305, 64306]
